0,6136234258804899 1,6357048786353328
0,6413954848512892 1,5597627463990287
0,6467862028013848 1,5464799112017402
0,4611018078442611 2,1923017079482032
0,6498819208503263 1,542995220464329
0,537351479480906 1,8833024569429897
0,6454203398813355 1,5495000339140628
0,6855545477819665 1,468444413501411
0,6363982437281659 1,5716741909994618
0,6538683412444567 1,5296427606466756
0,6140725149029397 1,6339037112476247
0,6002196489773546 1,6747468639333145
0,7136802751561174 1,4179920501217893
0,5997406169510815 1,6749174975438719
0,6342778575506479 1,582113185950196
0,7186651949606033 1,399892072941833
0,4292850238162585 2,357107201367936
0,6314634199335645 1,583890806318692
0,6046466215410311 1,6603553813019682
0,6427800656423063 1,5597621836129676
0,5142391936384374 1,9527380675650452
0,6572905470012421 1,5285265803052073
0,6240348006876647 1,603882538687805
0,492826531412996 2,04692306639837
0,7182275901545047 1,4022488414751486
0,7002830945757202 1,4290720254775477
0,6023365076058297 1,668110495395294
0,6579210104404449 1,5200136295606297
0,4871709797263892 2,0543654693489013
0,6053363796211103 1,65322777419349
0,5956135466288633 1,680637779574981
0,6239809148178735 1,6067244737598008
0,6204017845701296 1,6148835661493663
0,6288689518369356 1,5904736400988237
0,6577388403900791 1,520841898676499
0,5558265797742685 1,8017270703392718
0,6654540831318384 1,5146918828302103
0,43556013851887576 2,315450849121972
0,564713322138943 1,772992214212513
0,6073232314038526 1,6528550502735617
0,5239122438210921 1,9110329562840236
0,6823718299695745 1,4685677544208688
0,5716670045657806 1,7495731675580997
0,6991549394895596 1,4340745616125308
0,6546279874570696 1,528659664001659
0,6260682023027117 1,5976450164858393
0,5018815047282466 2,0103163532530535
0,4790748882022155 2,0970389489494834
0,4870357328447935 2,064795803120358
0,6389041649153948 1,566526777790869
0,45158797187691224 2,2151612007926125
0,6691906324483065 1,494607126077762
0,6940339398392852 1,441774788773291
0,5601144728450311 1,7901749760565921
0,4661293724876215 2,156481406992616
0,6749407797834299 1,4825370572618584
0,4438255279672685 2,258153711226276
0,46735681614329044 2,1444463661903987
0,6517157334309094 1,5345254980410117
0,5309005781289676 1,8953138329796164
0,7148811888274608 1,4027992681556327
0,6057812937743072 1,6529876620722268
0,7291331238681973 1,3718513063207365
0,6206668953457268 1,6144638703396479
0,6114603269795567 1,641120886173687
0,5905919237559315 1,6978408629227035
0,5587830449412654 1,7940938050294375
0,7379432161034338 1,3605951376787937
0,6478881872041672 1,543961964077478
0,6657592299602619 1,5028963732331404
