1,8708713116060844 -2,050430668996897
1,8648321076405918 -1,9995514085308908
1,8299642259270912 -2,0745492803806855
1,9170159539428453 -2,0322733476165618
1,9082965882315324 -2,0310925459704157
1,8637318002749859 -2,0528190938009163
1,8861370300176752 -2,01758338601824
1,8976402092717362 -2,064810951943904
1,8116259581385266 -1,9818828048536807
1,8992063296389368 -2,0906052932950425
1,8967149438258042 -1,9986467734610922
1,8468839089938638 -2,0625115291593907
1,8314846515693282 -2,1056159873785516
1,847038089734902 -2,027123820446552
1,8821443119552144 -2,0180628560563
1,8674855178468053 -2,10710057372324
1,8887313152867558 -2,0633945322055554
1,9233751713166571 -2,0359763657921404
1,8999221517705867 -2,1062003790636603
1,8834134450500897 -1,9583463808665413
