0,6136234258804899 0,0037068313576438423
0,6413954848512892 4,2478297958338E-4
0,6467862028013848 2,4186947479632077E-4
0,4611018078442611 0,010874280874977792
0,6498819208503263 0,002764697738230827
0,537351479480906 0,01199536154834078
0,6454203398813355 7,883853495537982E-5
0,6855545477819665 0,006698745840914674
0,6363982437281659 2,1069486494332441E-4
0,6538683412444567 1,849746006333062E-4
0,6140725149029397 0,0033353610750753975
0,6002196489773546 0,005215974795979454
0,7136802751561174 0,011992956500105484
0,5997406169510815 0,00451605331912332
0,6342778575506479 0,0034993619871202426
0,7186651949606033 0,006053709524545377
0,4292850238162585 0,0118708210767088
0,6314634199335645 1,6910535933222816E-4
0,6046466215410311 0,003928271861705579
0,6427800656423063 0,0025840387691302494
0,5142391936384374 0,004174449251729335
0,6572905470012421 0,004686072074747763
0,6240348006876647 8,785203564700495E-4
0,492826531412996 0,008777994882362252
0,7182275901545047 0,007133806209642039
0,7002830945757202 7,549803730096723E-4
0,6023365076058297 0,004763850097031977
0,6579210104404449 4,890304377752359E-5
0,4871709797263892 8,272384187674696E-4
0,6053363796211103 7,589155193536796E-4
0,5956135466288633 0,0010106284911121396
0,6239809148178735 0,0025654069969068844
0,6204017845701296 0,001876646312041829
0,6288689518369356 1,9949097322279324E-4
0,6577388403900791 3,1678685212675577E-4
0,5558265797742685 0,001447795193390538
0,6654540831318384 0,007957898116015494
0,43556013851887576 0,008518092577214621
0,564713322138943 0,0012323234144286151
0,6073232314038526 0,0038172701743167626
0,5239122438210921 0,00121356414281794
0,6823718299695745 0,002109266018476868
0,5716670045657806 1,7325196660330534E-4
0,6991549394895596 0,0026403133477257736
0,6546279874570696 7,033993522063027E-4
0,6260682023027117 2,3474338917558579E-4
0,5018815047282466 0,008940596350443588
0,4790748882022155 0,004638700023665277
0,4870357328447935 0,005629337147577503
0,6389041649153948 8,604827820792652E-4
0,45158797187691224 3,401540463613716E-4
0,6691906324483065 1,7708796172330975E-4
0,6940339398392852 6,40637013280404E-4
0,5601144728450311 0,0027029130143043124
0,4661293724876215 0,005199325022691072
0,6749407797834299 6,247174861503304E-4
0,4438255279672685 0,0022262631162488482
0,46735681614329044 0,0022216260927934404
0,6517157334309094 7,441042422941767E-5
0,5309005781289676 0,006223209664707879
0,7148811888274608 0,002834808505390741
0,6057812937743072 0,0013490045230809275
0,7291331238681973 2,6222846030572906E-4
0,6206668953457268 0,002044278051555282
0,6114603269795567 0,003480313672742304
0,5905919237559315 0,0027311014649501805
0,5587830449412654 0,002509199284610129
0,7379432161034338 0,004041951713383335
0,6478881872041672 3,147180183427616E-4
0,6657592299602619 5,671321537660239E-4
